[gd_scene load_steps=7 format=2]

[ext_resource path="res://Player/PlayerArm.tscn" type="PackedScene" id=1]
[ext_resource path="res://addons/maujoe.camera_control/scripts/camera_control.gd" type="Script" id=2]
[ext_resource path="res://DebugAssets/TestingScripts/Target.gd" type="Script" id=3]

[sub_resource type="SphereMesh" id=1]

[sub_resource type="SpatialMaterial" id=2]
albedo_color = Color( 1, 0, 0, 1 )

[sub_resource type="CubeMesh" id=3]
size = Vector3( 0.5, 0.5, 1 )

[node name="Spatial" type="Spatial"]

[node name="Camera" type="Camera" parent="."]
transform = Transform( 1, 0, 0, 0, 1, 0, 0, 0, 1, 0, 0, 8.73495 )
script = ExtResource( 2 )
max_speed = Vector3( 5, 5, 5 )

[node name="PlayerArm" parent="." instance=ExtResource( 1 )]
cameraPath = NodePath("../Camera")
method = 1

[node name="Target" type="Position3D" parent="."]
script = ExtResource( 3 )

[node name="MeshInstance" type="MeshInstance" parent="Target"]
transform = Transform( -0.989616, 0, 0.143734, 0, 1, 0, -0.143734, 0, -0.989616, -0.295211, 0, -0.0502944 )
mesh = SubResource( 1 )
material/0 = SubResource( 2 )

[node name="MeshInstance5" type="MeshInstance" parent="Target"]
transform = Transform( -0.902754, -0.282748, -0.324172, -0.426776, 0.683012, 0.592752, 0.053815, 0.673458, -0.737262, -0.458581, 1.10642, -0.25327 )
mesh = SubResource( 3 )
material/0 = null

[node name="MeshInstance9" type="MeshInstance" parent="Target"]
transform = Transform( -0.820279, -0.154701, -0.550644, -0.24383, 0.965444, 0.0919889, 0.517387, 0.209721, -0.829654, -0.94964, 1.42017, -1.11527 )
mesh = SubResource( 3 )
material/0 = null

[node name="MeshInstance2" type="MeshInstance" parent="Target"]
transform = Transform( -0.993096, 0, -0.117295, 0, 0.999999, 0, 0.117295, 0, -0.993096, -0.3494, 0, -1.06866 )
mesh = SubResource( 3 )
material/0 = null

[node name="MeshInstance3" type="MeshInstance" parent="Target"]
transform = Transform( -0.993096, 0, -0.117295, 0, 0.999999, 0, 0.117295, 0, -0.993096, -0.3494, 0.6, -1.06866 )
mesh = SubResource( 3 )
material/0 = null

[node name="MeshInstance4" type="MeshInstance" parent="Target"]
transform = Transform( -0.993096, 0, -0.117295, 0, 0.999999, 0, 0.117295, 0, -0.993096, -0.3494, -0.6, -1.06866 )
mesh = SubResource( 3 )
material/0 = null

[node name="MeshInstance6" type="MeshInstance" parent="Target"]
transform = Transform( -0.709041, 0, -0.705166, 0, 0.999999, 0, 0.705166, 0, -0.709041, -0.859149, 0, -2.05092 )
mesh = SubResource( 3 )
material/0 = null

[node name="MeshInstance7" type="MeshInstance" parent="Target"]
transform = Transform( -0.709041, 0, -0.705166, 0, 0.999999, 0, 0.705166, 0, -0.709041, -0.859149, 0.6, -2.05092 )
mesh = SubResource( 3 )
material/0 = null

[node name="MeshInstance8" type="MeshInstance" parent="Target"]
transform = Transform( -0.709041, 0, -0.705166, 0, 0.999999, 0, 0.705166, 0, -0.709041, -0.859149, -0.6, -2.05092 )
mesh = SubResource( 3 )
material/0 = null
