[gd_scene load_steps=12 format=2]

[ext_resource path="res://Player/RobotHand.tscn" type="PackedScene" id=2]
[ext_resource path="res://Player/LHandBig.gd" type="Script" id=3]
[ext_resource path="res://DebugAssets/TestingScripts/TestPlayer.gd" type="Script" id=4]

[sub_resource type="BoxShape" id=1]
extents = Vector3( 0.381158, 1.37113, 1 )

[sub_resource type="BoxShape" id=2]
extents = Vector3( 0.242926, 0.893499, 0.524674 )

[sub_resource type="BoxShape" id=3]
extents = Vector3( 0.810714, 1.47193, 1.11377 )

[sub_resource type="SphereShape" id=6]

[sub_resource type="SphereMesh" id=7]

[sub_resource type="CubeMesh" id=8]
size = Vector3( 1, 5, 5 )

[sub_resource type="BoxShape" id=9]
extents = Vector3( 100, 1, 100 )

[sub_resource type="CubeMesh" id=10]
size = Vector3( 200, 2, 200 )

[node name="Spatial" type="Spatial"]

[node name="Player" type="RigidBody" parent="."]
mass = 100.0
axis_lock_angular_x = true
axis_lock_angular_y = true
axis_lock_angular_z = true
script = ExtResource( 4 )

[node name="RightHandBig" type="RigidBody" parent="Player" groups=["Player"]]
transform = Transform( 1, 0, 0, 0, 1, 0, 0, 0, 1, 0, 0, -3.73108 )
mass = 100.0
continuous_cd = true
contacts_reported = 4
contact_monitor = true
can_sleep = false
script = ExtResource( 3 )
target_hand_path = NodePath("../Target")

[node name="CSGBox2" type="CSGBox" parent="Player/RightHandBig"]
transform = Transform( 1, 0, 0, 0, 1, 0, 0, 0, 1, 0, 0, -1 )
visible = false
width = 0.75968
height = 2.71008
depth = 4.14586

[node name="OpenHandShape1" type="CollisionShape" parent="Player/RightHandBig"]
shape = SubResource( 1 )

[node name="OpenHandShape2" type="CollisionShape" parent="Player/RightHandBig"]
transform = Transform( 0.965926, 0, 0.258819, 0, 1, 0, -0.258819, 0, 0.965926, -0.119268, 0, -1.61805 )
shape = SubResource( 2 )

[node name="OpenHandShape3" type="CollisionShape" parent="Player/RightHandBig"]
transform = Transform( 0.707107, 0, 0.707107, 0, 1, 0, -0.707107, 0, 0.707107, -1.03847, 0, -3.42682 )
shape = SubResource( 2 )

[node name="OpenHandShape4" type="CollisionShape" parent="Player/RightHandBig"]
transform = Transform( 0.866026, 0, 0.5, 0, 1, 0, -0.5, 0, 0.866026, -0.459806, 0, -2.58295 )
shape = SubResource( 2 )

[node name="ClosedHandShape" type="CollisionShape" parent="Player/RightHandBig"]
transform = Transform( 1, 0, 0, 0, 1, 0, 0, 0, 1, -0.52215, 0.163877, -0.18164 )
shape = SubResource( 3 )
disabled = true

[node name="RobotHand" parent="Player/RightHandBig" instance=ExtResource( 2 )]
transform = Transform( 8.74228e-08, 1, 4.37114e-08, -4.37114e-08, -4.37114e-08, 1, 1, -8.74228e-08, 4.37114e-08, 0, 0, 0 )

[node name="Target" type="Spatial" parent="Player"]
transform = Transform( 0.655923, 0.378697, -0.652958, 0.565478, 0.326479, 0.757394, 0.5, -0.866025, -2.85417e-08, 0, -1, 0 )

[node name="CollisionShape" type="CollisionShape" parent="Player"]
shape = SubResource( 6 )

[node name="MeshInstance" type="MeshInstance" parent="Player"]
mesh = SubResource( 7 )
material/0 = null

[node name="ARVROrigin" type="ARVROrigin" parent="Player"]

[node name="ARVRCamera" type="ARVRCamera" parent="Player/ARVROrigin"]

[node name="Camera" type="Camera" parent="Player"]
transform = Transform( 1, 0, 0, 0, 1, 0, 0, 0, 1, 0, -36, 25.948 )
current = true
fov = 110.0

[node name="MeshInstance2" type="MeshInstance" parent="Player"]
transform = Transform( 0.655923, 0.378697, -0.652958, 0.565478, 0.326479, 0.757394, 0.5, -0.866025, -2.85417e-08, 0, -35, 0 )
mesh = SubResource( 8 )
skeleton = NodePath("../Target")
material/0 = null

[node name="StaticBody" type="StaticBody" parent="."]
transform = Transform( 1, 0, 0, 0, 1, 0, 0, 0, 1, 0, -20, 0 )

[node name="CollisionShape" type="CollisionShape" parent="StaticBody"]
shape = SubResource( 9 )

[node name="MeshInstance" type="MeshInstance" parent="StaticBody"]
mesh = SubResource( 10 )
material/0 = null
